65.48
65.48
65.48
65.48
65.48
65.48
65.48
65.48
65.48
65.48
65.48
65.48
65.48
65.48
65.48
65.48
65.48
65.48
65.48
65.48
65.48
65.48
65.48
65.48
65.48
65.48
65.48
65.48
65.48
65.48
65.48
65.48
65.48
65.48
65.48
65.48
65.48
65.48
65.48
65.48
65.48
65.48
65.48
65.48
65.48
65.48
65.48
65.48
65.48
65.48
65.48
65.48
65.48
65.48
65.48
65.48
65.48
65.48
65.48
65.48
65.48
65.48
65.48
65.48
65.48
65.48
65.48
65.48
65.48
65.48
65.48
65.48
65.48
65.48
65.48
65.48
65.48
65.48
65.48
65.48
65.48
65.48
65.48
65.48
65.48
65.48
65.48
65.48
65.48
65.48
65.48
65.48
65.48
65.48
65.48
65.48
65.48
65.48
65.48
65.48
65.48
65.48
65.48
65.48
65.48
65.48
65.48
65.48
65.48
65.48
65.48
65.48
65.48
65.48
65.48
65.48
65.48
65.48
65.48
65.48
65.48
65.66
67.28
69.26
71.06
72.14
73.04
73.94
74.84
75.56
76.28
77.00
77.54
78.08
78.44
78.80
79.16
79.52
79.88
80.24
80.60
80.78
80.96
81.32
81.50
81.68
81.86
82.22
81.86
81.32
80.78
80.42
79.88
79.52
79.34
78.98
78.62
78.44
78.08
77.90
77.72
77.54
77.18
77.00
76.82
76.64
76.46
76.28
76.10
75.92
75.92
75.56
75.56
75.38
75.20
75.02
75.02
74.84
74.66
74.66
74.48
74.30
74.30
74.12
74.12
73.94
73.76
73.58
73.58
73.58
73.40
73.22
73.04
73.04
72.86
72.86
72.86
72.68
72.68
72.50
72.50
72.50
72.32
72.32
72.32
72.14
72.14
72.14
71.96
71.96
71.96
71.78
71.78
71.78
71.60
71.60
71.60
71.42
71.42
71.42
71.42
71.24
71.24
71.24
71.24
71.06
71.06
71.06
71.06
70.88
70.88
70.88
70.88
70.70
70.70
70.70
70.70
70.70
70.70
70.52
70.52
70.52
70.34
70.34
70.34
70.34
70.34
70.16
70.16
70.16
70.16
69.98
69.98
69.98
69.98
69.98
69.98
69.80
69.80
69.80
69.80
69.80
69.62
69.62
69.62
69.62
69.44
69.44
69.44
69.44
69.44
69.44
69.44
69.26
69.26
69.26
69.26
69.26
69.26
69.08
69.08
69.08
69.08
69.08
69.08
69.08
69.08
69.08
68.90
68.90
68.90
68.90
68.90
68.90
68.90
68.72
68.72
68.72
68.72
68.72
68.72
68.72
68.72
68.72
68.54
68.54
68.54
68.54
68.54
68.54
68.54
68.54
68.54
68.54
68.54
68.54
68.36
68.36
68.36
68.36
68.36
68.36
68.36
68.36
68.36
68.36
68.36
68.36
68.36
68.36
68.36
68.36
68.36
68.18
68.18
68.18
68.18
68.18
68.18
68.18
68.18
68.18
68.18
68.18
68.18
68.18
68.18
68.18
68.18
68.18
68.18
68.18
68.00
68.00
68.00
68.00
68.00
68.00
68.00
68.00
68.00
68.00
68.00
68.00
68.00
68.00
68.00
68.00
67.82
67.82
67.82
67.82
67.82
67.82
67.82
67.82
67.82
67.82
67.82
67.82
67.82
67.82
67.82
67.82
67.82
67.82
67.82
67.82
67.82
67.64
67.82
67.64
67.64
67.64
67.64
67.64
67.64
67.64
67.64
67.64
67.64
67.64
67.64
67.64
67.64
67.64
67.64
67.64
67.64
67.64
67.64
67.46
67.46
67.64
67.46
67.46
67.46
67.46
67.46
67.46
67.46
67.46
67.46
67.46
67.46
67.46
67.46
67.46
67.46
67.46
67.46
67.46
67.46
67.46
67.46
67.46
67.28
67.28
67.28
67.46
67.28
67.28
67.28
67.28
67.28
67.28
67.28
67.28
67.28
67.28
67.28
67.28
67.28
67.28
67.28
67.28
67.28
67.28
67.28
67.28
67.28
67.10
67.28
67.10
67.10
67.10
67.10
67.10
67.10
67.10
67.10
67.10
67.10
67.10
67.10
67.10
67.10
67.10
67.10
67.10
67.10
67.10
67.10
67.10
67.10
67.10
67.10
67.10
67.10
67.10
67.10
67.10
66.92
67.10
67.10
66.92
66.92
66.92
66.92
66.92
66.92
66.92
66.92
66.92
66.92
66.92
66.92
66.92
66.92
66.92
66.92
66.92
66.92
66.92
66.92
66.92
66.92
66.92
66.92
66.92
66.92
66.92
66.74
66.74
66.74
66.74
66.74
66.74
66.74
66.74
66.74
66.74
66.74
66.74
66.74
66.74
66.74
66.74
66.74
66.74
66.74
66.74
66.74
66.74
66.74
66.74
66.74
66.74
66.56
66.74
66.74
66.74
66.74
66.56
66.56
66.56
66.56
66.56
66.56
66.56
66.56
66.56
66.56
66.56
66.56
66.56
66.56
66.56
66.56
66.56
66.56
66.56
66.56
66.56
66.56
66.56
66.56
66.56
66.56
66.56
66.56
66.56
66.56
66.38
66.38
66.56
66.38
66.38
66.38
66.38
66.38
66.38
66.38
66.38
66.38
66.38
66.38
66.38
66.38
66.38
66.56
66.38
66.38
66.38
66.38
66.56
66.38
66.38
66.38
66.38
66.38
66.38
66.38
66.38
66.38
66.38
66.38
66.38
66.38
66.38
66.38
66.38
66.38
66.38
66.38
66.38
66.38
66.38
66.38
66.38
66.38
66.38
66.38
66.38
66.38
66.38
66.38
66.38
66.38
66.38
66.38
66.38
66.38
66.38
66.38
66.38
66.38
66.38
66.38
66.38
66.38
66.38
66.38
66.38
66.38
66.38
66.38
66.38
66.38
66.38
66.38
66.38
66.20
66.38
66.38
66.38
66.38
66.38
66.38
66.38
66.38
66.38
66.38
66.20
66.38
66.20
66.20
66.20
66.38
66.20
66.20
66.20
66.20
66.20
66.20
66.20
66.20
66.20
66.20
66.20
66.20
66.20
66.20
66.20
66.20
66.20
66.20
66.20
66.20
66.20
66.20
66.20
66.20
66.20
66.20
66.20
66.20
66.20
66.20
66.20
66.20
66.20
66.20
66.20
66.20
66.20
66.20
66.20
66.20
66.20
66.20
66.20
66.20
66.20
66.20
66.20
66.20
66.20
66.20
66.20
66.20
66.20
66.20
66.20
66.20
66.20
66.20
66.20
66.20
66.20
66.20
66.20
66.20
66.20
66.20
66.20
66.20
66.20
66.20
66.20
66.20
66.20
66.20
66.20
66.20
66.20
66.20
66.20
66.20
66.20
66.20
66.20
66.20
66.20
66.20
66.20
66.20
66.20
66.20
66.02
66.20
66.02
66.02
66.20
66.20
66.20
66.02
66.20
66.20
66.20
66.02
66.02
66.20
66.20
66.02
66.02
66.20
66.02
66.02
66.02
66.02
66.20
66.20
66.02
66.02
66.20
66.20
66.20
66.02
66.02
66.02
66.02
66.20
66.02
66.02
66.20
66.02
66.02
66.02
66.20
66.02
66.02
66.02
66.02
66.02
66.20
66.02
66.02
66.02
66.20
66.02
66.02
66.02
66.02
66.02
66.20
66.02
66.02
66.20
66.02
66.20
66.02
66.20
66.20
66.02
66.20
66.20
66.02
66.20
66.02
66.02
66.20
66.02
66.02
66.02
66.20
66.20
66.20
66.02
66.20
66.20
66.02
66.02
66.20
66.02
66.20
66.02
66.02
66.02
66.02
66.02
66.02
66.02
66.02
66.02
66.02
66.02
66.02
66.02
66.02
66.02
