65.66
65.66
65.66
65.66
65.84
65.66
65.84
65.66
65.66
65.66
65.66
65.84
65.84
65.84
65.84
65.66
65.84
65.84
65.66
65.84
65.66
65.66
65.66
65.66
65.66
65.66
65.84
65.66
65.66
65.66
65.84
65.84
65.84
65.66
65.84
65.84
65.84
65.84
65.84
65.84
65.84
65.84
65.84
65.84
65.84
65.84
65.84
65.84
65.84
65.84
65.84
65.84
65.84
65.84
65.84
65.84
65.84
66.20
68.36
71.06
73.04
74.66
75.74
76.64
77.54
78.26
78.80
79.34
79.88
80.24
80.60
80.96
81.32
81.68
82.04
82.22
82.40
82.76
82.94
83.12
83.30
83.48
83.66
83.84
83.84
84.02
84.20
84.20
84.38
84.56
84.56
84.74
84.74
84.92
84.92
85.10
85.10
85.10
85.28
85.28
85.46
85.46
85.46
85.46
85.64
85.64
85.64
85.82
85.64
85.10
84.56
84.20
83.84
83.48
83.30
82.94
82.76
82.58
82.22
82.04
81.86
81.68
81.50
81.14
80.96
80.78
80.60
80.42
80.24
80.06
80.06
79.88
79.70
79.52
79.34
79.34
79.16
78.98
78.80
78.80
78.62
78.44
78.44
78.26
78.08
78.08
77.90
77.72
77.72
77.54
77.36
77.36
77.18
77.00
77.00
76.82
76.82
76.64
76.64
76.46
76.46
76.28
76.28
76.10
76.10
75.92
75.92
75.74
75.74
75.74
75.56
75.56
75.38
75.38
75.38
75.20
75.20
75.20
75.02
75.02
75.02
74.84
74.84
74.84
74.66
74.66
74.48
74.48
74.48
74.48
74.30
74.30
74.30
74.12
74.12
74.12
74.12
73.94
73.94
73.94
73.76
73.76
73.76
73.58
73.58
73.58
73.58
73.58
73.58
73.40
73.40
73.40
73.40
73.22
73.22
73.22
73.04
73.04
73.04
73.04
73.04
72.86
72.86
72.86
72.86
72.86
72.68
72.68
72.68
72.68
72.68
72.68
72.50
72.50
72.50
72.50
72.32
72.32
72.32
72.32
72.32
72.14
72.14
72.14
72.14
72.14
72.14
71.96
71.96
71.96
71.96
71.96
71.96
71.78
71.78
71.78
71.78
71.78
71.60
71.60
71.60
71.60
71.60
71.60
71.60
71.42
71.42
71.42
71.42
71.42
71.42
71.42
71.42
71.24
71.24
71.24
71.24
71.24
71.24
71.24
71.24
71.06
71.06
71.06
71.06
71.06
71.06
71.06
70.88
70.88
70.88
70.88
70.88
70.88
70.88
70.70
70.70
70.70
70.70
